749
743
784
1055
661
843
862
898
709
933
792
541
818
513
902
513
749
736
1138
749
568
882
569
888
600
500
966
537
775
914
475
569
773
847
833
439
890
438
613
767
672
664
706
897
802
898
818
858
961
995
888
732
605
587
730
701
906
599
624
686
773
654
702
909
922
496
673
1092
799
418
580
784
920
796
748
851
821
541
710
1069
631
895
522
778
740
951
467
906
859
723
619
899
851
592
733
750
801
528
533
302
821
823
740
612
639
592
869
683
623
943
867
686
1109
780
636
853
911
470
1002
768
1329
935
550
598
823
671
713
778
428
894
514
968
946
653
1329
555
763
707
667
581
1174
658
526
439
895
715
584
984
660
629
713
551
629
986
770
717
470
879
796
931
708
388
689
937
874
697
710
647
686
765
495
858
735
631
674
802
536
672
605
717
380
661
713
500
539
732
695
590
747
564
833
617
542
744
1036
942
579
676
859
979
498
712
672
500
508
418
612
842
1024
698
704
1053
684
678
597
994
870
1046
666
518
854
777
491
475
699
645
899
755
914
910
685
603
695
921
691
602
739
751
660
384
636
1015
979
788
578
756
687
1217
689
585
840
849
580
738
837
938
1149
794
614
816
885
508
803
590
700
563
762
637
646
1168
721
872
775
778
957
679
738
841
703
535
639
834
745
661
583
749
855
794
921
575
1043
654
695
598
754
716
785
557
580
574
792
720
847
711
492
895
655
529
681
750
781
596
717
773
628
757
864
624
489
604
484
595
689
894
916
695
749
832
659
913
560
550
929
623
604
695
1127
467
759
917
681
1031
884
1001
580
652
701
812
564
752
806
825
780
833
712
659
689
593
642
918
1072
684
746
858
525
570
632
644
948
743
634
789
699
664
498
831
605
556
641
738
632
649
838
857
724
991
824
374
872
472
833
529
715
816
706
835
837
900
699
719
646
839
591
679
526
1085
767
901
696
533
543
1088
759
874
527
592
565
977
811
799
712
641
451
659
771
641
596
791
774
1225
709
594
666
838
602
639
577
808
831
632
778
895
816
626
855
733
800
885
586
498
653
913
724
957
780
715
786
838
578
870
457
555
613
623
876
819
760
943
609
877
565
508
770
950
519
951
1030
454
778
347
566
601
698
1102
907
394
604
580
665
667
753
533
826
621
997
688
856
653
822
615
899
820
943
733
943
644
627
934
777
581
815
841
846
676
701
574
498
500
796
823
633
608
673
673
753
901
898
889
604
688
595
1154
750
888
954
819
635
710
648
930
749
764
869
613
909
784
823
650
1104
571
568
669
639
1003
1256
571
367
808
960
943
744
770
607
594
950
827
650
1062
591
837
558
644
668
822
543
1122
758
685
714
648
698
577
501
774
559
877
794
842
622
903
774
775
681
622
800
799
898
834
524
774
862
920
643
716
711
489
932
618
837
617
804
816
447
906
459
893
549
631
669
640
847
931
900
507
821
458
660
624
966
592
806
646
711
878
948
527
505
748
511
663
603
814
797
624
776
745
414
481
744
511
756
648
659
957
1139
533
783
580
810
801
943
409
1091
777
749
843
554
657
637
564
743
912
792
989
451
783
781
734
745
519
600
757
908
909
844
874
452
890
823
712
807
913
789
599
626
606
1207
604
467
725
660
550
869
891
977
833
1019
640
531
530
608
898
841
669
659
805
656
995
531
734
508
725
707
785
925
596
842
720
875
1106
927
654
503
977
665
634
613
1002
494
484
747
626
746
748
835
883
755
712
761
816
834
668
598
628
511
638
540
428
920
855
490
606
823
1149
969
498
337
836
500
726
601
544
857
847
454
680
707
616
830
1233
572
522
670
633
705
551
1073
627
756
902
962
646
717
749
534
593
720
906
663
619
503
552
874
660
644
590
631
924
399
663
858
850
574
610
992
891
694
650
795
583
840
800
647
587
650
758
770
551
1152
678
550
830
808
761
799
476
568
652
1078
791
822
851
816
1014
630
670
692
669
819
480
760
950
641
1007
689
544
658
612
562
933
630
877
802
591
1066
790
540
784
596
882
1043
660
800
784
701
477
926
662
712
638
751
950
452
931
1029
553
536
708
943
624
478
657
872
697
421
893
874
424
680
869
688
753
544
638
919
842
503
867
757
588
775
428
683
796
547
1093
703
527
705
703
779
1064
757
583
526
956
809
715
799
687
897
731
820
654
815
619
684
798
740
735
845
608
560
585
1013
547
823
921
714
780
1023
617
821
936
542
875
525
585
475
740
969
679
648
965
529
535
608
712
742
704
589
671
561
623
730
408
732
522
589
619
1056
593
452
870
614
789
668
672
1069
538
956
684
584
602
550
504
803
472
833
871
537
649
951
489
924
610
623
502
1023
683
573
648
418
750
678
888
780
926
598
662
416
888
612
863
876
814
592
991
631
1080
643
775
766
744
649
610
540
514
887
432
544
993
848
908
609
810
832
686
780
663
686
946
526
713
427
539
634
492
595
876
881
476
721
905
824
1099
525
796
624
725
759
845
620
562
548
476
817
1007
562
848
732
741
611
585
737
503
872
515
562
887
550
818
895
612
710
552
626
946
558
698
621
542
800
1093
852
565
879
1263
726
542
706
634
573
815
888
484
482
706
934
486
761
921
543
832
588
748
761
688
421
736
719
428
957
692
702
535
824
662
565
487
619
1082
591
635
675
632
716
566
935
747
719
626
554
889
869
722
546
585
884
688
621
975
647
992
748
760
815
729
525
775
488
601
740
718
750
685
1082
463
516
599
509
1042
1174
514
503
745
604
924
737
818
693
714
670
731
771
942
587
572
553
642
789
761
603
811
797
782
918
618
672
545
1029
890
547
555
535
684
401
482
800
567
1008
709
575
650
640
854
980
594
734
696
520
811
911
910
647
791
603
734
778
615
609
777
752
869
613
749
691
795
1092
561
766
775
718
529
503
719
703
576
712
1267
581
516
639
594
705
530
950
733
635
670
643
673
597
614
740
760
559
552
473
675
994
666
786
652
708
583
852
528
766
733
544
492
721
788
539
404
644
661
745
325
924
646
917
929
742
620
1021
459
608
778
565
846
486
884
934
760
826
872
617
795
862
691
548
798
700
831
467
585
759
460
800
471
554
421
638
456
624
886
637
688
499
940
585
929
958
782
618
950
536
981
833
467
813
557
778
651
504
629
612
881
737
758
915
574
549
897
590
939
1073
730
633
601
765
641
1234
665
571
672
1148
601
614
572
676
935
793
654
758
1082
591
807
633
692
979
679
666
589
582
865
491
521
968
485
695
1001
760
594
581
681
531
796
870
644
594
583
778
738
575
675
906
724
755
587
460
891
468
816
574
699
905
623
769
625
1062
551
561
855
312
584
891
716
680
524
755
513
531
479
636
701
677
970
752
914
848
659
897
474
983
418
766
838
658
1040
518
515
1142
635
509
669
483
571
452
468
622
675
476
662
979
520
623
784
505
847
530
1048
627
619
341
613
506
739
714
730
623
813
554
608
503
808
600
777
761
560
597
739
942
563
871
634
834
642
703
574
861
787
844
893
625
597
657
485
685
725
732
768
557
646
708
508
652
554
676
517
888
679
716
587
777
659
868
785
770
776
504
882
462
855
619
481
806
583
671
590
482
489
596
541
498
978
412
1053
703
1031
513
647
449
864
752
597
673
674
657
798
830
611
428
395
941
505
717
559
859
606
528
635
944
571
744
551
685
969
814
527
750
908
616
741
584
887
602
779
681
556
628
457
735
455
634
575
682
843
954
591
761
632
790
941
829
582
445
913
767
726
608
895
790
457
930
1177
758
659
636
551
694
594
852
522
527
571
549
809
675
827
388
647
622
663
708
558
376
748
665
588
888
580
606
551
590
509
708
904
262
791
568
644
467
765
795
799
673
919
837
1029
716
932
457
598
847
665
444
861
704
596
543
852
348
499
766
758
783
533
502
730
569
972
856
825
786
616
881
741
538
800
846
874
921
1012
963
464
551
522
577
663
512
919
1044
494
472
993
980
1021
553
969
819
789
763
546
545
895
776
433
912
526
597
1093
828
684
857
787
906
705
630
555
908
847
525
703
876
892
829
641
536
700
681
564
622
563
697
628
769
563
508
630
591
465
555
707
699
651
840
564
548
500
784
754
959
673
390
755
741
475
884
880
602
601
730
977
644
900
577
585
901
849
546
617
555
558
571
559
497
751
503
709
704
719
486
543
587
523
665
756
575
466
871
827
803
361
904
626
584
686
689
636
785
699
564
373
357
528
688
680
701
642
683
584
455
562
578
545
585
485
926
819
830
729
520
664
647
513
647
935
713
1070
649
478
772
754
695
786
600
521
816
1064
687
928
498
760
1199
1273
795
561
664
494
864
1084
639
922
709
739
791
391
676
449
769
773
693
893
676
480
562
841
804
1106
974
515
529
649
831
433
727
678
690
689
607
649
696
749
578
832
885
522
705
925
537
454
853
537
558
791
514
440
618
535
669
703
687
591
635
427
647
877
426
813
694
320
519
651
720
926
667
510
476
296
645
583
624
746
416
931
1087
924
738
637
663
604
700
1087
600
461
955
596
404
457
772
369
397
646
834
994
506
614
480
656
725
801
770
862
926
758
676
687
644
512
961
1122
525
569
721
608
764
782
832
644
870
947
866
683
670
459
617
536
400
509
620
594
1040
540
455
572
569
574
683
478
525
601
506
532
716
555
494
856
718
524
586
831
746
735
592
778
755
746
781
740
714
960
802
546
694
560
889
589
464
864
790
744
608
741
921
434
540
481
637
526
570
595
423
471
740
456
707
623
571
724
523
822
660
678
474
770
687
580
679
713
566
651
618
879
603
706
507
495
650
645
859
903
544
461
748
661
469
644
732
489
850
759
809
968
381
505
756
1139
859
497
599
713
751
573
603
663
627
870
685
510
491
750
534
759
474
999
847
710
497
586
770
520
796
546
612
566
606
393
985
639
745
615
696
743
925
916
536
822
537
650
679
607
729
608
603
525
521
901
752
347
576
1013
649
853
750
956
586
450
724
575
530
551
822
836
602
917
688
579
462
730
930
755
615
442
935
602
661
294
828
608
449
670
789
618
643
710
554
682
908
529
629
789
733
649
409
794
411
498
592
386
774
712
741
768
779
578
809
702
725
524
591
519
662
722
720
443
515
508
485
591
882
920
609
470
787
412
478
571
523
437
415
632
799
483
556
510
302
486
538
714
789
645
768
761
836
604
662
372
655
535
594
670
495
754
864
551
539
738
410
658
661
476
577
572
701
656
1021
780
712
556
529
728
610
736
654
814
603
708
486
596
554
626
812
505
741
701
524
742
769
539
553
830
360
942
530
807
886
992
801
772
938
814
523
674
694
796
879
551
594
437
620
712
813
578
822
828
1006
496
420
842
683
830
814
661
700
516
427
497
700
382
653
676
508
454
703
843
607
506
596
684
665
738
810
518
832
784
594
780
909
890
739
770
721
793
512
769
574
619
856
512
799
482
791
272
550
627
663
563
872
540
945
661
792
606
524
411
721
431
616
664
401
517
634
702
573
649
729
763
960
855
486
860
784
546
755
595
673
563
746
630
623
865
560
589
641
824
465
814
519
1014
893
654
969
721
564
510
975
738
634
604
481
668
429
812
586
449
581
423
550
552
532
593
464
471
738
619
567
416
540
446
666
606
971
408
566
733
510
659
747
459
726
522
491
597
849
500
431
707
468
437
543
835
560
475
762
340
657
588
643
534
755
724
864
856
705
484
555
596
729
869
472
641
532
455
624
647
751
361
595
631
808
424
640
863
683
421
546
427
689
525
546
586
1025
743
563
706
555
635
532
435
685
679
536
560
748
461
800
590
693
493
890
657
764
590
453
393
539
531
794
749
791
749
581
401
582
1226
1136
706
581
545
567
512
773
729
739
881
841
712
632
679
814
659
265
654
740
732
434
851
811
766
328
540
435
702
545
388
602
812
622
531
472
547
613
482
474
831
734
735
658
515
949
626
435
549
430
860
554
674
763
422
464
729
518
480
568
559
668
882
850
657
677
637
626
778
422
559
681
463
627
440
842
595
621
696
478
567
462
670
441
547
529
492
512
797
288
591
710
655
623
713
731
469
509
368
730
713
654
459
517
543
711
633
590
786
570
568
820
534
580
428
578
565
1023
591
746
491
676
348
794
912
451
584
498
754
444
453
806
702
325
351
596
433
654
601
505
630
536
387
560
420
638
663
563
705
703
531
726
895
524
551
389
436
1034
418
814
903
410
800
527
762
610
831
671
744
577
744
493
844
852
391
676
437
635
726
625
795
667
602
853
552
799
566
533
807
611
657
446
513
480
728
673
640
1137
839
484
462
732
568
777
852
623
637
639
619
585
569
891
741
637
719
663
633
523
653
755
421
693
616
570
830
565
756
710
680
719
615
827
474
541
341
565
627
621
473
848
368
646
567
461
472
399
625
473
635
763
639
522
449
463
612
806
566
733
674
487
884
776
451
530
499
317
844
552
375
735
397
439
692
604
730
496
420
338
493
647
635
551
592
451
497
540
618
523
728
848
632
795
556
435
718
525
434
794
546
598
550
485
862
742
570
451
575
560
658
699
680
530
801
518
452
402
665
531
647
807
784
768
522
466
906
384
578
575
373
730
715
1088
728
495
920
603
710
484
481
772
447
987
995
705
963
740
400
522
815
353
859
901
527
707
760
683
694
538
620
441
391
824
720
750
560
441
575
603
505
455
672
482
702
482
675
498
722
838
468
446
456
314
479
487
815
610
437
640
693
657
492
564
433
393
619
611
488
446
488
966
826
711
430
647
509
493
693
585
445
461
907
542
453
547
682
538
431
580
448
808
648
684
540
453
600
804
405
583
674
497
598
552
851
790
471
751
432
503
470
477
623
637
499
483
449
745
848
552
639
680
371
443
699
333
652
763
633
554
699
433
476
650
893
508
642
431
623
343
613
510
482
660
396
582
792
655
707
713
429
663
635
482
426
744
830
470
486
578
337
443
665
379
551
590
495
663
659
764
558
369
405
475
476
544
624
565
690
569
975
540
430
555
441
597
534
573
602
515
585
492
490
514
445
604
812
431
734
502
365
663
459
755
586
656
527
681
694
636
802
457
1030
795
876
509
555
633
733
682
635
460
616
345
565
476
532
644
538
388
565
643
563
838
511
752
556
889
478
732
510
303
429
720
643
485
479
510
542
459
286
540
508
457
491
338
555
429
426
1090
509
683
480
396
733
699
899
565
612
659
437
565
619
560
880
703
591
588
706
830
631
641
811
633
843
520
593
669
734
652
471
506
741
342
395
663
1079
805
764
394
473
529
434
464
612
448
644
644
524
459
605
305
482
473
472
649
503
409
524
554
547
543
816
566
568
653
736
682
474
563
742
433
389
315
525
560
650
382
379
448
558
708
327
651
462
527
609
659
284
719
591
397
319
660
495
421
291
603
410
478
639
782
543
488
493
834
518
559
736
519
650
355
555
580
633
532
561
465
509
397
576
489
647
515
325
550
507
483
558
374
417
496
739
430
503
531
607
470
860
769
285
523
521
264
563
390
589
642
589
512
412
494
467
478
396
480
964
556
605
776
782
757
689
335
485
512
730
489
642
565
427
570
592
670
812
639
811
672
617
539
798
671
627
885
356
383
386
459
660
523
422
795
481
551
578
510
660
592
678
505
583
851
517
678
523
509
753
403
611
693
484
641
501
453
554
639
539
434
467
523
416
523
591
477
515
437
449
381
338
673
445
367
597
725
600
888
778
551
813
696
496
493
587
573
409
413
519
774
536
563
512
590
440
662
524
606
625
578
549
435
418
483
447
465
525
682
412
655
736
467
412
466
605
440
564
560
422
477
801
600
481
728
572
494
826
509
610
518
805
418
594
702
575
647
643
506
838
683
680
576
608
399
639
490
444
445
443
903
563
394
486
488
382
358
625
511
286
476
444
661
515
543
598
587
295
484
500
335
601
645
496
564
558
436
493
413
939
787
1053
366
474
381
463
355
417
264
794
591
318
567
588
798
600
459
618
452
568
440
490
560
535
842
465
698
532
431
434
521
521
431
661
393
503
754
449
459
409
370
480
667
753
241
355
548
514
152
372
659
484
532
622
360
371
534
614
435
573
424
469
518
578
622
406
532
674
532
568
415
504
619
674
521
783
677
500
510
317
465
514
496
672
445
677
837
496
443
652
791
559
412
514
534
504
555
883
713
564
636
408
387
345
501
420
503
399
497
589
543
459
368
507
776
347
501
717
437
422
704
308
401
591
532
425
610
552
524
319
285
532
427
871
626
424
583
356
489
227
444
381
351
485
404
494
557
715
871
395
563
610
402
380
454
567
560
296
469
546
558
363
625
598
336
684
358
604
660
377
792
547
600
570
342
205
650
397
580
587
474
336
515
283
437
457
896
410
595
690
409
451
429
455
376
512
445
345
337
461
606
540
451
825
604
483
362
519
570
657
621
425
550
323
484
475
739
589
392
570
458
633
968
568
624
636
486
658
324
450
525
519
633
532
322
416
465
399
530
585
394
455
521
451
446
396
603
520
462
333
657
277
383
175
606
618
508
613
713
375
522
701
454
614
556
515
525
537
547
308
246
525
492
467
570
673
417
512
501
600
464
600
367
487
491
371
542
781
391
424
466
404
467
524
425
600
694
504
549
354
641
623
506
494
564
318
371
506
712
478
370
719
389
563
373
462
312
609
615
443
576
783
582
447
226
429
654
370
649
151
401
415
480
518
570
522
525
407
349
462
729
322
532
366
610
346
264
740
410
439
528
514
379
616
565
267
388
425
261
384
419
478
612
540
555
379
442
632
247
484
467
371
317
465
349
255
311
519
476
302
632
636
417
481
500
346
444
561
329
594
564
276
624
411
316
564
263
376
412
716
548
554
437
388
344
384
604
696
444
691
575
577
527
315
800
587
273
432
428
538
474
508
314
434
549
469
635
433
646
309
247
709
324
515
521
448
641
252
465
394
577
508
343
581
461
382
615
378
305
335
547
496
384
164
609
552
570
502
565
457
612
703
519
399
515
392
365
283
611
666
501
407
458
669
440
237
567
494
538
531
335
381
457
374
422
586
537
472
511
473
355
429
380
591
833
450
305
419
343
331
416
781
362
344
559
338
439
548
492
643
262
417
534
398
264
290
452
349
506
342
330
827
329
441
455
651
449
421
670
681
501
576
441
569
398
182
284
263
368
627
569
656
503
376
513
632
413
566
348
478
395
373
253
242
382
390
373
326
387
387
660
207
552
729
510
640
396
498
390
448
311
387
419
299
428
365
399
290
406
493
611
307
278
399
366
694
406
376
203
407
482
844
330
446
391
241
830
414
528
407
681
614
449
684
376
320
408
275
453
321
363
226
446
332
127
231
623
645
638
511
294
460
340
535
413
336
381
764
511
285
434
357
1006
445
208
702
347
334
337
601
245
245
359
697
342
363
325
366
571
225
487
417
468
498
791
401
233
391
542
467
514
138
463
350
336
480
415
326
408
638
514
248
586
364
505
443
404
494
368
301
293
481
413
306
346
625
395
402
580
438
330
484
462
355
322
237
706
456
568
713
544
536
339
403
480
436
286
307
601
330
607
171
415
429
751
391
250
282
225
421
367
468
196
535
371
335
342
517
444
507
661
317
349
264
458
407
588
371
641
299
336
507
533
863
350
372
404
563
322
433
553
506
237
432
475
414
416
590
528
566
608
439
417
490
318
381
367
447
332
299
543
321
183
439
299
387
422
503
660
423
479
271
385
339
563
259
553
354
223
240
322
433
348
351
180
577
667
508
295
231
169
303
515
259
363
168
537
378
408
485
320
547
263
273
490
489
349
465
801
303
439
521
225
396
304
415
637
471
528
405
292
507
806
426
502
252
300
223
506
264
375
451
640
472
248
625
511
373
279
314
557
509
368
248
360
294
384
241
305
417
395
351
344
450
358
526
248
351
476
355
268
325
343
442
347
388
252
326
187
461
248
320
269
487
363
451
366
652
426
194
578
314
510
326
292
376
324
397
345
383
275
471
435
353
466
186
473
180
615
426
206
232
641
429
275
430
390
551
315
346
315
189
254
481
428
328
382
318
499
508
335
273
275
353
506
387
232
193
477
285
471
403
290
381
404
466
209
443
221
235
498
264
286
468
446
339
591
555
549
426
300
395
333
449
231
305
563
566
516
358
436
407
230
214
370
488
499
341
465
310
345
385
462
64
269
547
442
226
436
352
324
425
221
532
447
233
561
288
411
261
626
323
560
484
491
352
458
390
218
344
286
201
336
443
370
358
133
174
456
321
115
289
447
256
361
270
147
418
425
747
263
409
327
467
234
507
386
440
344
419
263
549
340
247
340
280
466
250
479
409
449
571
140
425
227
255
185
297
283
372
260
251
487
243
263
332
212
154
299
333
217
182
322
236
242
420
451
684
291
414
374
205
428
242
439
520
122
304
375
271
294
516
419
180
363
152
289
348
283
290
510
300
260
413
466
306
345
332
209
361
303
326
413
385
362
280
209
475
474
307
460
473
473
204
361
353
232
110
726
234
474
707
207
281
264
323
825
238
302
231
448
138
459
383
375
351
370
267
405
432
378
223
377
398
360
222
437
400
367
116
353
146
263
485
333
353
510
253
206
344
450
287
423
256
363
230
180
315
238
170
476
157
254
299
260
429
210
265
248
374
143
425
418
599
389
393
435
412
564
296
343
286
525
193
498
423
810
189
198
381
331
311
479
246
362
73
295
739
307
381
561
360
351
180
515
409
452
508
494
316
142
207
477
269
377
335
338
188
156
323
244
328
233
259
369
539
112
274
262
204
128
460
394
419
167
248
257
220
345
190
308
288
167
77
509
294
328
418
294
208
734
355
242
469
300
297
221
290
457
306
225
249
323
291
189
230
187
287
251
215
151
444
475
264
384
267
606
272
282
444
169
482
166
498
535
291
235
316
256
375
393
354
408
240
247
381
355
681
493
421
397
273
183
191
224
87
569
420
308
484
230
422
346
345
262
419
314
319
350
297
288
126
332
131
53
386
376
402
291
350
298
384
210
359
467
310
355
288
386
249
380
270
370
260
203
715
403
169
400
47
299
320
321
320
332
300
313
456
265
303
189
395
300
266
444
239
68
164
431
399
362
290
181
162
319
753
276
303
247
374
259
312
339
258
418
483
372
258
405
268
349
320
497
454
270
425
409
311
274
328
176
248
454
352
256
471
189
290
422
219
191
374
227
558
154
959
81
355
320
290
266
234
416
235
384
325
347
257
417
195
236
493
332
86
399
181
450
305
35
246
340
568
142
305
59
194
354
275
159
267
345
471
743
279
400
247
251
307
399
365
324
452
567
226
238
835
418
411
352
206
392
53
316
236
365
275
277
274
34
295
175
118
264
291
248
234
337
440
160
241
196
211
272
318
328
196
309
202
495
308
514
68
478
179
342
682
429
435
199
628
258
373
253
209
196
384
210
77
188
267
307
160
523
161
64
350
126
309
389
88
273
165
367
451
427
400
117
182
360
473
203
270
243
221
240
159
274
166
262
186
300
513
191
113
227
418
369
461
833
217
214
264
65
211
198
326
418
182
71
138
286
128
304
127
490
79
158
58
185
322
445
246
291
171
339
587
424
256
313
335
192
259
412
264
16
306
498
282
361
326
165
282
315
161
337
304
262
124
159
214
104
260
192
297
315
804
366
220
277
203
411
285
390
97
474
262
315
304
276
506
364
127
90
250
129
267
207
343
169
216
240
228
157
240
102
390
227
215
434
78
300
194
547
487
240
44
122
160
146
412
334
32
222
218
181
210
335
292
389
394
434
254
427
412
32
308
111
247
538
357
246
278
292
188
177
266
267
653
179
205
271
344
346
732
127
216
274
422
217
292
380
394
81
399
289
337
417
205
514
173
514
153
73
181
266
103
151
193
149
80
155
93
341
782
235
233
139
372
181
347
252
356
358
215
168
260
174
338
406
185
131
317
336
134
128
218
214
299
341
145
235
81
131
487
631
346
431
486
211
96
152
340
73
100
344
452
248
175
262
98
204
569
88
248
244
168
183
240
353
95
160
229
227
416
215
324
400
198
331
799
125
258
220
302
602
269
346
224
73
202
433
347
103
245
263
453
366
315
12
153
299
106
149
85
301
197
391
158
367
309
181
381
132
91
200
79
27
23
264
250
108
325
95
232
373
300
200
290
248
551
196
97
400
313
167
571
245
178
714
250
338
172
138
175
285
172
117
239
475
257
231
281
130
129
164
10
214
391
544
572
81
154
273
507
271
248
219
300
249
130
249
376
283
153
294
181
144
238
136
144
362
173
370
395
276
73
26
294
75
262
201
272
190
180
63
320
43
296
294
261
338
350
50
187
518
333
55
115
318
374
44
248
267
304
315
379
254
403
229
639
235
76
143
111
198
85
355
285
178
318
75
208
62
273
280
365
327
298
312
155
236
403
147
381
175
43
191
298
99
420
293
166
447
97
110
160
190
360
392
293
10
361
258
218
247
271
325
174
475
269
492
246
264
37
225
79
96
22
305
306
21
269
313
143
46
219
289
536
417
386
921
150
215
247
62
124
208
276
284
86
436
197
425
151
136
96
474
73
148
348
181
190
283
296
205
88
119
124
304
231
334
369
283
144
260
203
253
146
33
17
7
489
596
353
406
175
91
218
191
566
306
165
237
13
192
58
287
321
86
522
699
221
166
73
426
350
176
186
97
324
214
357
196
258
87
257
138
188
200
266
386
201
434
179
182
179
142
37
383
202
220
139
125
172
187
159
48
244
349
139
451
293
147
41
94
257
84
233
44
350
438
136
35
407
113
258
111
183
336
74
201
360
332
281
176
263
48
345
143
291
321
135
250
192
365
216
132
264
370
276
51
214
176
181
157
120
106
452
140
90
213
168
163
328
271
210
155
157
187
322
180
62
155
157
240
39
149
72
260
108
23
232
267
58
122
78
24
27
143
171
235
123
373
136
184
155
371
470
98
294
326
140
264
577
39
110
53
100
248
129
105
68
23
248
216
134
206
223
92
169
251
430
173
147
625
75
181
115
89
311
365
122
405
190
91
267
123
316
235
33
292
268
155
23
298
241
87
246
173
120
185
338
331
39
360
113
231
243
384
263
53
25
364
61
108
190
169
183
165
303
68
198
362
108
155
316
59
124
175
157
252
43
151
126
156
277
369
457
106
540
88
386
438
252
239
366
226
145
272
207
120
264
186
391
181
76
107
110
92
266
56
30
461
433
127
285
327
271
124
113
101
395
232
158
150
315
143
186
183
9
395
210
200
198
23
37
99
525
61
175
139
323
238
248
287
394
170
131
89
269
67
125
90
226
48
189
116
110
216
194
16
181
93
49
200
178
251
149
175
177
29
621
266
95
135
235
124
320
193
53
129
240
285
346
285
96
171
260
18
194
4
81
380
162
423
190
47
45
380
86
143
77
44
52
70
77
95
141
138
69
240
332
305
176
268
523
249
82
204
358
582
94
303
180
95
94
50
509
324
33
500
48
529
277
484
146
223
136
221
28
238
143
378
421
139
51
162
647
302
273
90
274
216
225
54
139
116
431
117
329
115
94
378
16
157
185
141
367
231
279
114
59
113
428
111
291
38
294
165
144
83
407
56
83
137
190
114
286
94
92
192
293
367
324
496
120
210
169
12
174
163
185
126
241
35
345
328
108
36
51
104
178
36
221
10
52
264
166
85
85
332
381
324
200
196
133
153
155
165
118
263
81
136
246
165
89
225
729
151
190
399
85
120
191
65
101
81
204
89
186
329
214
272
379
351
13
92
116
49
94
38
91
80
287
187
170
131
230
268
159
546
68
103
61
399
161
77
191
140
122
193
3
280
92
175
171
190
215
168
33
36
126
157
129
149
123
94
123
70
79
71
47
194
284
172
236
285
178
262
103
10
185
162
71
95
229
324
336
496
260
252
340
142
66
23
301
81
40
302
116
140
384
341
125
240
39
90
329
37
149
308
214
200
76
63
434
32
149
85
278
107
198
42
117
127
210
261
626
39
103
106
163
132
158
233
94
137
99
413
229
190
14
78
226
175
237
105
259
136
70
298
310
350
317
248
234
175
211
231
158
73
20
158
165
378
11
78
114
70
232
365
24
107
169
199
21
177
135
144
55
113
85
274
84
147
214
181
285
356
73
133
277
75
170
336
116
200
197
215
35
335
202
107
111
79
125
136
277
76
316
280
154
82
42
388
169
95
96
73
346
129
223
398
176
405
85
249
330
520
74
476
15
80
94
207
236
31
40
267
174
232
97
175
207
106
182
254
198
52
143
210
255
69
215
313
175
223
203
107
577
247
111
143
336
229
369
479
146
23
37
135
326
109
182
172
136
364
395
162
67
191
199
121
5
94
56
164
380
21
60
120
19
214
84
122
71
152
324
216
138
237
62
333
104
137
134
233
118
442
243
122
236
82
183
20
100
217
63
11
89
76
88
64
12
301
9
263
330
114
50
327
109
119
324
82
115
217
101
244
560
215
45
187
196
82
87
53
139
232
17
256
222
123
199
734
76
44
315
154
247
25
272
88
104
58
87
94
44
134
100
70
236
22
337
506
196
109
67
179
300
60
23
73
113
142
25
207
752
145
5
205
94
253
29
99
106
174
85
38
79
100
370
181
149
89
37
215
233
398
146
246
545
232
14
102
56
292
300
59
77
36
211
10
80
264
63
191
159
17
843
174
213
253
271
9
98
66
62
104
361
20
129
123
47
142
147
99
60
203
387
297
84
302
149
96
332
167
230
23
103
607
329
95
237
55
295
178
28
68
133
243
81
123
254
82
60
117
128
181
156
133
93
140
237
389
130
110
83
151
62
236
211
118
61
72
30
125
291
220
205
56
178
33
239
250
177
318
367
246
27
26
75
56
29
93
118
91
182
202
91
365
120
211
5
79
23
46
297
25
112
161
192
371
204
305
162
212
20
372
53
54
71
255
302
253
320
316
108
79
97
691
16
39
48
138
291
38
65
155
361
122
276
216
61
318
107
260
38
56
485
19
22
128
291
309
533
39
168
9
12
205
25
10
57
132
71
115
193
356
66
116
198
141
128
460
322
263
189
352
191
139
300
320
108
137
162
154
244
294
118
249
287
232
275
30
134
87
190
266
142
217
84
171
226
130
184
265
152
268
253
33
162
406
218
38
48
54
138
6
41
85
2
159
49
125
77
157
304
221
341
153
3
277
177
195
91
51
181
29
34
475
558
197
35
293
215
252
219
115
112
205
14
105
97
111
11
243
86
189
154
100
66
236
180
193
44
176
219
23
58
298
93
183
27
280
226
362
691
107
54
132
130
15
816
304
26
280
126
105
118
37
73
361
705
139
115
324
22
60
157
254
137
579
170
73
71
100
54
29
42
48
244
120
249
269
44
47
97
91
94
184
108
259
449
264
114
271
66
120
179
409
166
55
213
286
543
13
202
65
110
80
200
110
169
317
452
246
41
208
237
120
209
81
18
15
362
375
89
38
297
827
66
255
70
208
43
245
383
48
10
35
88
346
140
196
25
257
177
135
342
68
234
68
189
118
89
109
470
348
584
24
248
86
135
23
157
144
146
9
179
8
86
80
93
36
53
91
279
269
44
87
159
5
118
171
34
155
176
83
81
60
38
45
316
109
276
439
106
211
160
468
70
65
102
34
287
542
173
118
103
363
88
215
213
48
98
36
25
217
230
46
139
211
100
360
120
77
277
49
78
73
31
241
662
194
178
54
337
17
34
96
145
35
313
100
150
20
60
394
182
96
240
246
18
29
686
15
385
24
155
38
103
86
113
254
149
69
307
307
98
100
133
21
200
237
41
45
62
25
92
130
205
166
286
302
193
215
325
37
104
71
193
1203
221
52
181
51
256
106
29
57
143
97
12
315
167
28
306
219
78
167
71
392
110
343
110
382
201
96
67
120
116
234
271
25
25
32
200
304
114
53
100
28
91
206
63
164
46
87
285
119
307
42
170
89
63
142
93
141
209
278
384
37
69
90
311
121
5
114
24
6
80
154
81
75
24
20
174
82
360
86
174
14
55
171
187
58
109
22
24
598
104
26
132
97
26
70
152
322
773
119
173
779
158
78
200
39
253
94
144
119
10
14
517
78
217
306
140
177
171
36
279
293
317
224
249
125
170
400
79
60
90
51
56
108
52
322
17
86
63
140
18
185
10
12
24
83
82
132
157
89
186
305
71
277
170
57
73
60
417
202
627
405
175
217
6
125
14
101
2
152
140
4
352
237
69
107
76
171
124
102
41
487
36
179
92
263
168
279
60
371
24
129
107
55
44
8
156
98
4
300
204
101
139
25
52
58
183
316
294
114
252
193
179
258
77
129
127
34
114
160
120
170
229
93
99
88
86
135
227
93
96
38
39
221
53
238
55
179
11
41
191
337
31
169
145
211
27
9
234
116
78
26
287
174
215
785
229
147
103
142
135
108
168
397
96
130
168
82
287
80
4
146
179
39
175
106
83
81
106
46
91
27
28
44
52
142
13
6
195
80
367
95
68
107
127
36
399
248
68
36
65
50
136
42
39
181
181
135
142
49
157
27
10
467
646
116
40
28
99
160
311
154
73
4
81
58
168
99
10
33
78
52
173
318
259
374
25
130
5
12
143
59
134
212
25
402
101
276
101
262
335
3
93
211
80
89
15
144
231
140
297
354
9
543
34
179
256
50
451
212
83
269
362
218
251
44
138
139
134
10
88
6
160
262
17
11
82
661
40
130
447
111
30
316
233
172
195
4
227
134
163
95
69
44
154
190
20
69
34
9
52
156
18
286
65
121
542
217
165
142
311
272
38
75
102
5
56
11
27
93
126
125
410
261
39
30
84
176
76
290
195
202
119
194
82
124
322
713
332
302
163
167
84
38
47
90
101
10
178
21
89
111
95
156
87
261
311
109
265
347
125
41
54
182
99
14
19
90
40
122
61
61
311
270
22
512
86
198
208
132
85
286
162
183
82
110
333
33
30
97
464
170
41
215
82
175
268
170
141
12
23
102
391
81
75
431
82
90
22
37
256
120
173
171
185
8
204
654
79
38
57
73
65
181
299
129
12
70
943
40
114
9
120
10
48
83
88
203
13
17
137
165
374
213
260
136
60
95
26
450
48
126
40
43
98
232
64
581
54
206
14
133
98
15
73
192
128
36
29
25
12
30
55
583
87
36
10
157
76
39
122
155
145
69
24
74
57
180
177
79
190
52
103
73
107
175
361
12
149
292
272
225
172
138
141
57
262
98
57
117
134
67
113
185
173
79
161
55
94
128
83
662
15
101
300
196
188
30
274
185
168
32
47
195
139
128
31
270
423
352
369
65
24
70
272
25
176
560
122
87
183
319
32
104
199
302
66
70
53
177
55
254
74
91
136
261
132
251
113
632
18
270
157
50
